0 250 250 254 231 240 Cuisse_de_nymphe 1432148905
1 250 251 180 214 112 Cuisse_de_nymphe 1433688033
2 251 251 135 116 76 Beigeasse 1433688048
2 250 252 188 232 123 Vert_anis 1433688080
2 249 251 183 255 138 Vert_anis 1433688096
3 249 252 181 212 78 Vert_anis 1433688116
3 251 252 150 240 135 Vert_anis 1433688131
3 251 250 194 152 46 Basané 1433688146
3 248 251 158 222 116 Vert_anis 1433688165
3 250 253 159 227 95 Vert_anis 1433688173
3 252 251 168 117 22 Châtain 1433688181
3 249 250 41 128 89 Vert_d'eau 1433690248
4 248 252 212 235 138 Vert_anis 1433690304
4 251 253 63 150 83 Jade 1433690333
4 250 254 148 204 102 Vert_anis 1433690343
4 249 253 173 204 100 Vert_anis 1433690350
4 252 252 176 118 10 Poil_de_chameau 1433690358
4 251 249 242 142 34 Melon 1433690694
4 252 250 112 98 40 Ocre_jaune 1433692308
4 247 251 121 235 76 Vert_anis 1433692690
4 248 250 166 255 76 Vert_anis 1433692698
4 249 249 65 148 65 Vert_épinard 1433692708
4 253 251 199 124 12 Poil_de_chameau 1433692721
5 250 255 58 135 95 Vert_lichen 1433693812
5 247 250 95 255 84 Vert_absinthe 1433694025
5 251 248 230 162 60 Melon 1433694151
5 249 254 96 166 120 Vert_lichen 1433694170
5 248 253 207 209 146 Beurre_frais 1433694199
5 248 249 49 168 36 Vert_gazon 1433694254
5 251 254 136 199 48 Vert_poireau 1433694269
5 253 250 186 123 35 Poil_de_chameau 1433694280
5 246 251 89 255 133 Vert_absinthe 1433694292
5 252 253 130 92 50 Poil_de_chameau 1433694303
5 247 252 149 255 122 Vert_absinthe 1433694321
5 254 251 255 123 0 Orange 1433694338
5 249 248 40 171 13 Vert_gazon 1433694382
5 253 252 153 101 12 Cuivre 1433694394
5 250 249 13 181 21 Vert_gazon 1433694402
5 252 249 212 147 36 Melon 1433694441
6 255 251 207 117 0 Orange 1433694453
6 246 250 101 212 157 Menthe_à_l'eau 1433694485
6 246 252 43 240 122 Vert_absinthe 1433694506
6 250 248 25 166 25 Vert_gazon 1433697805
6 247 249 100 222 127 Vert_absinthe 1433697848
6 248 248 93 179 39 Vert_gazon 1433697867
6 254 250 255 128 10 Orange 1433697874
6 252 248 240 117 9 Mandarine 1433697947
6 247 253 229 17 240 Vanille 1433697954
6 249 247 29 143 69 Vert_gazon 1433697958
6 245 251 73 71 87 Menthe_à_l'eau 1433698017
6 253 249 230 167 51 Melon 1433698072
6 253 253 120 67 53 Cuivre 1433698157
6 250 256 10 61 16 Vert_mousse 1433698186
6 252 254 60 163 82 Cannelle 1433698234
6 251 247 255 153 0 Melon 1433698252
6 249 255 80 186 160 Menthe_à_l'eau 1433698261
6 248 254 199 188 115 Beurre_frais 1433698271
6 251 255 128 22 22 Vert_mousse 1433698300
6 254 252 245 172 0 Orange 1433698309
7 254 249 133 109 41 Melon 1433698327
7 255 250 242 183 22 Orange 1433698336
7 255 250 133 75 36 Orange_brûlée 1433698343
7 245 252 97 74 42 Taupe 1433698346
7 251 246 255 132 0 Orange 1433698356
7 250 247 103 158 106 Menthe 1433698372
7 246 253 130 173 130 Vert_printemps 1433698386
7 247 254 255 0 77 Magenta 1433698398
7 251 256 42 94 39 Vert_empire 1433698415
7 249 256 141 189 111 Menthe_à_l'eau 1433698434
7 252 247 255 182 10 Orange 1433698498
7 247 248 161 237 215 Vert_absinthe 1433698520
7 253 248 255 119 0 Orange 1433698541
7 246 249 70 176 157 Vert_d'eau 1433698546
7 255 252 120 37 114 Ambre 1433698561
7 248 247 208 252 141 Vert_poireau 1433698585
7 248 255 255 216 161 Beige 1433698617
7 252 255 110 1 1 Brique 1433698637
7 253 254 73 133 0 Menthe 1433698689
7 249 246 36 150 59 Menthe 1433698804
7 256 251 242 68 9 Citrouille 1433698843
7 244 251 18 20 41 Bleu_pétrole 1433698898
7 254 253 240 114 3 Orange 1433698905
7 245 250 42 176 154 Vert_d'eau 1433698910
7 250 257 212 11 101 Vert_sapin 1433698914
8 248 246 22 110 173 Menthe 1433698921
7 250 257 6 79 34 Vert_sapin 1433698924
7 245 250 31 6 94 Bleu_pétrole 1433698925
8 256 250 179 58 58 Miel 1433698926
8 247 247 60 163 100 Beurre_frais 1433698935
8 257 251 212 190 142 Corail 1433698941
8 250 246 189 123 123 Glauque 1433698942
8 245 249 31 28 217 Bleu_nuit 1433698948
8 255 249 214 88 159 Châtain 1433698952
8 254 254 209 46 46 Orange 1433698957
8 255 253 48 144 173 Violet_d'évêque 1433698964
8 247 255 222 27 63 Rose_vif 1433698969
8 256 252 161 89 212 Zizolin 1433698973
8 249 245 245 183 49 Menthe 1433698977
8 246 248 156 96 219 Vert_d'eau 1433698981
8 244 250 26 225 235 Noir_de_fumée 1433698985
8 248 256 181 193 232 Chair 1433698989
8 250 258 92 15 17 Rouge_rubis 1433698998
8 246 254 8 61 13 Vert_lichen 1433699008
8 247 255 5 247 21 Chair 1433699024
8 254 248 252 202 3 Orange 1433699030
8 253 247 247 166 45 Orange 1433699042
8 253 255 9 20 4 Vert_avocat 1433699172
8 252 246 201 63 4 Orange 1433699192
8 251 257 250 97 140 Rose_vif 1433699208
8 251 257 29 94 9 Vert_épinard 1433699219
8 244 252 36 36 36 Noir_charbon 1433699230
8 245 253 8 204 129 Menthe_à_l'eau 1433699243
8 243 251 9 9 10 Noir_charbon 1433699255
8 252 256 3 23 8 Vert_épinard 1433699282
8 249 257 117 0 0 Cerise 1433699323
8 251 245 255 106 0 Orange 1433699339
9 253 246 255 89 0 Mandarine 1433699357
9 255 254 195 199 212 Bleu_acier 1433699395
9 251 258 235 52 168 Fushia 1433699429
9 250 259 77 0 14 Rouge_bourgogne 1433699574
9 244 249 14 112 74 Turquoise 1433699585
9 256 249 171 115 136 Rose_bonbon 1433699604
9 250 245 204 166 53 Blé 1433699634
9 252 245 222 16 16 Rouge_feu 1433699643
9 254 247 201 137 0 Or 1433699656
9 252 257 5 61 29 Vert_bouteille 1433699663
9 244 253 33 13 2 Réglisse 1433699673
9 246 255 112 207 39 Vert_citron 1433699702
9 245 254 28 148 56 Vert_émeraude 1433699714
9 254 255 194 29 0 Fraise 1433699737
9 246 247 97 173 112 Vert_lichen 1433699748
9 255 248 207 101 161 Rose_bonbon 1433699761
9 247 256 85 93 97 Fumée 1433699782
9 247 246 2 83 189 Bleu_paon 1433699802
9 249 258 99 0 20 Rouge_bourgogne 1433699854
9 257 250 179 66 74 Framboise 1433699874
9 248 245 161 137 42 Blé 1433699878
9 256 253 87 26 161 Bleu_de_France 1433699914
9 243 250 26 8 2 Ebène 1433700002
9 245 248 12 13 33 Bleu_nuit 1433700022
9 257 252 21 189 219 Beige 1433700313
9 248 257 122 64 64 Gris_de_lin 1433700344
9 258 251 48 6 14 Blond 1433700365
9 243 252 36 30 21 Réglisse 1433700367
9 253 256 33 17 97 Noir_d'encre 1433700539
9 242 251 48 25 17 Ebène 1433700673
9 249 244 173 140 69 Blé 1433700693
9 251 244 196 90 19 Carotte 1433700708
10 246 256 39 37 46 Ardoise 1433700725
10 244 248 15 12 12 Noir_de_fumée 1433700748
10 245 255 42 56 22 Vert_gazon 1433700787
10 244 254 11 10 13 Ebène 1433700812
10 256 248 237 118 231 Rose_bonbon 1433700829
10 254 256 199 24 24 Rouge_écrevisse 1433700842
10 253 257 44 176 88 Vert_bouteille 1433701052
10 243 249 28 37 46 Ebène 1433701068
10 247 245 20 34 112 Bleu_paon 1433701213
10 243 253 10 5 0 Réglisse 1433701239
10 255 247 255 94 175 Rose_bonbon 1433701245
10 250 244 138 94 54 Basané 1433701267
10 248 258 102 65 41 Cacao 1433701287
10 257 253 184 224 255 Bleu_céleste 1433701314
10 253 245 255 47 0 Rouge_tomate 1433701338
10 254 246 255 89 0 Citrouille 1433701347
10 249 259 148 30 0 Rouge_bourgogne 1433701360
10 252 244 255 132 0 Carotte 1433701372
10 255 255 158 164 171 Argent 1433701399
10 251 259 255 0 204 Fushia 1433701411
10 252 258 242 0 255 Fushia 1433701418
10 242 250 255 255 255 Ebène 1433701422
10 248 244 255 255 255 Ocre_jaune 1433701427
10 247 257 255 255 255 Terre_d'ombre 1433701433
10 257 249 255 255 255 Gris_de_lin 1433701439
10 250 260 255 255 255 Cassis 1433701449
10 245 247 255 255 255 Noir_charbon 1433701455
10 241 251 255 255 255 Cachou 1433701463
10 242 252 255 255 255 Noiraud 1433701469
10 246 246 255 255 255 Jade 1433701475
10 256 254 255 255 255 Violet 1433701481
10 249 243 255 255 255 Sépia 1433701488
10 258 252 255 255 255 Bleu_des_mers_du_sud 1433701494
10 251 243 255 255 255 Orange_brûlée 1433701499
10 258 250 255 255 255 Framboise 1433701505
10 259 251 255 255 255 Réglisse 1433701511
11 254 257 255 0 187 Vert_émeraude 1433701517
11 243 248 255 0 251 Bleu_pétrole 1433701524
10 259 251 26 14 10 Réglisse 1433701530
11 258 253 255 0 34 Bleu_dragée 1433701533
11 254 245 26 255 0 Rouge_feu 1433701545
11 253 244 224 49 0 Rouge_feu 1433701549
11 247 258 60 255 0 Blanc 1433701551
11 245 256 59 59 59 Gris_anthracite 1433701566
11 244 247 227 230 189 Blanc_de_Saturne 1433701597
11 247 244 253 255 227 Blanc_de_lait 1433701614
11 253 258 255 0 119 Fushia 1433701638
11 242 249 245 248 250 Blanc_de_lait 1433701641
11 253 258 255 0 119 Fushia 1433701645
11 253 258 255 0 119 Fushia 1433701648
11 253 258 255 0 119 Fushia 1433701650
11 253 258 255 0 119 Fushia 1433701651
11 255 256 237 43 43 Fraise 1433701663
11 255 256 237 43 43 Fraise 1433701667
11 248 243 245 242 213 Blanc_lunaire 1433701669
11 246 257 76 76 82 Gris_anthracite 1433701684
11 252 243 250 97 8 Orange 1433701702
11 256 255 136 137 138 Gris_souris 1433701730
11 252 259 255 0 128 Magenta 1433701812
11 258 249 240 240 226 Blanc_de_lait 1433701834
11 250 261 252 252 252 Blanc_de_lait 1433701887
11 243 254 14 15 26 Noir_d'encre 1433701907
11 248 259 64 26 4 Cacao 1433701940
11 259 250 242 234 211 Blanc_de_lait 1433701957
11 244 255 46 110 14 Vert_avocat 1433701967
11 256 247 190 116 212 Mauve 1433701976
11 259 252 255 247 235 Blanc_cassé 1433702002
11 245 246 240 232 218 Blanc_cassé 1433702025
11 257 254 247 246 237 Blanc_de_lait 1433702074
11 242 253 3 3 3 Noir_d'encre 1433702137
11 241 250 255 255 255 Blanc_de_lait 1433702144
11 249 260 133 75 12 Caramel 1433702210
11 251 260 252 5 211 Magenta 1433702229
11 260 251 230 229 225 Blanc_de_lait 1433702247
11 257 248 250 205 80 Vanille 1433702291
11 255 246 255 158 211 Rose_bonbon 1433702336
11 251 242 208 214 184 Blanc_de_lait 1433702377
11 241 252 214 217 230 Blanc_lunaire 1433702390
11 240 251 201 201 193 Blanc_d'ivoire 1433702400
11 250 243 252 251 234 Blanc_cassé 1433702412
11 246 245 254 255 219 Blanc_cassé 1433702420
11 249 242 245 239 220 Blanc_cassé 1433702475
11 249 242 237 237 237 Blanc_cassé 1433702484
11 249 242 179 191 118 Blanc_cassé 1433702493
12 256 256 176 44 44 Fraise 1433702497
12 255 257 176 0 3 Rouge_tomate 1433702507
12 250 242 218 224 192 Blanc_de_lin 1433702510
12 256 246 84 41 97 Mauve 1433702520
12 260 252 156 156 156 Blanc_lunaire 1433702522
12 245 245 222 222 222 Blanc_cassé 1433702530
12 254 258 255 0 106 Fushia 1433702533
12 244 246 153 128 100 Blanc_cassé 1433702535
12 260 250 252 230 211 Blanc_cassé 1433702536
12 239 251 54 42 25 Sépia 1433702546
12 260 250 252 230 211 Blanc_cassé 1433702546
12 260 250 252 230 211 Blanc_cassé 1433702548
12 248 242 178 232 255 Blanc_de_Saturne 1433702551
12 249 261 176 103 14 Caramel 1433702561
12 259 253 215 232 157 Blanc_de_lait 1433702575
12 245 257 31 17 17 Noir_charbon 1433702618
12 243 247 235 0 71 Magenta 1433702628
12 259 249 237 232 232 Blanc_de_lin 1433702634
12 257 247 230 174 245 Lilas 1433702648
12 257 247 150 154 224 Lilas 1433702661
12 249 241 255 254 247 Blanc_de_lait 1433702707
12 249 241 173 89 59 Argile 1433702735
12 253 259 235 40 128 Magenta 1433702753
12 251 241 214 163 163 Cuisse_de_nymphe 1433702757
12 244 256 82 80 80 Gris_anthracite 1433702762
12 259 253 215 232 157 Blanc_de_lait 1433702763
12 253 243 227 18 18 Rouge_tomate 1433702771
12 252 260 255 10 186 Fushia 1433702771
12 258 248 187 250 155 Blanc_de_lait 1433702776
12 246 244 117 71 222 Coquille_d'oeuf 1433702782
12 255 245 199 144 183 Rose_dragée 1433702785
12 246 258 65 86 97 Ardoise 1433702790
12 242 248 255 13 186 Fushia 1433702790
12 251 261 255 255 245 Blanc_de_lait 1433702801
12 240 252 252 249 224 Blanc_lunaire 1433702814
12 261 251 245 243 235 Blanc_de_lin 1433702837
12 243 255 13 7 11 Noir_d'encre 1433702854
12 257 255 214 202 175 Blanc_de_lait 1433702871
12 247 259 81 255 0 Vert_citron 1433702872
12 241 249 214 207 131 Blanc_de_lin 1433702885
12 240 250 250 250 250 Blanc_de_lait 1433702885
12 254 244 255 0 0 Rouge_tomate 1433702906
12 258 254 250 20 20 Vermeil 1433702913
12 254 244 14 187 235 Rouge_tomate 1433702925
12 248 260 117 80 0 Caramel 1433702929
12 242 254 26 37 54 Noir_d'encre 1433702946
12 252 242 204 57 8 Citrouille 1433702952
12 252 242 224 227 32 Citrouille 1433702957
12 250 262 194 173 126 Blanc_de_lait 1433702957
12 247 243 222 214 146 Blanc_de_lait 1433702969
12 241 253 196 212 242 Blanc_lunaire 1433702987
12 241 253 255 255 245 Blanc_lunaire 1433702990
13 254 259 176 0 91 Magenta 1433703008
13 242 255 4 11 59 Bleu_marine 1433703018
13 261 250 209 161 155 Blanc_de_platine 1433703020
13 244 257 96 116 128 Ardoise 1433703030
13 251 240 192 196 192 Argile 1433703058
13 244 245 97 96 68 Beigeasse 1433703062
13 248 261 133 11 0 Rouge_feu 1433703114
13 251 262 219 204 182 Blanc_de_Saturne 1433703125
13 258 255 196 0 26 Vermeil 1433703128
13 254 243 117 19 8 Rouge_de_mars 1433703140
13 240 253 255 255 255 Blanc_lunaire 1433703145
13 259 248 169 186 245 Blanc_lunaire 1433703149
13 261 252 30 102 63 Vert_de_gris 1433703151
13 250 241 247 246 232 Blanc_d'ivoire 1433703154
13 256 257 204 25 28 Rouge_coquelicot 1433703163
13 257 246 190 177 242 Lavande 1433703164
13 260 253 92 92 92 Gris_souris 1433703178
13 247 242 227 200 136 Sable 1433703179
13 242 247 117 34 34 Rouge_cramoisi 1433703191
13 243 256 11 16 33 Noir_d'encre 1433703191
13 259 254 232 18 18 Vermeil 1433703202
13 255 244 19 44 133 Bleu_roi 1433703203
13 255 244 3 7 135 Bleu_roi 1433703207
13 248 241 201 207 155 Blanc_d'ivoire 1433703213
13 253 260 255 64 163 Rose_vif 1433703231
13 258 247 98 44 148 Lavande 1433703242
13 252 241 179 109 72 Argile 1433703246
13 260 249 245 241 235 Blanc_de_lait 1433703250
13 255 244 45 117 87 Vermeil 1433703251
13 245 244 181 196 255 Blanc_lunaire 1433703253
13 246 243 53 37 102 Indigo 1433703263
13 257 256 138 15 15 Rouge_tomate 1433703285
13 252 261 5 151 255 Fushia 1433703289
13 249 262 166 0 47 Fauve 1433703349
13 249 262 166 0 47 Fauve 1433703357
13 243 246 168 0 34 Magenta 1433703365
13 240 249 222 167 47 Sable 1433703376
13 239 252 87 63 11 Brou_de_noix 1433703423
13 253 242 138 17 41 Rouge_écrevisse 1433703435
13 262 251 176 44 71 Blanc_de_lait 1433703462
13 247 260 138 98 5 Caramel 1433703474
13 245 258 24 28 51 Noir_d'encre 1433703523
13 250 263 158 82 24 Ocre_jaune 1433703534
13 241 254 173 200 250 Blanc_lunaire 1433703543
13 246 259 116 207 106 Vert_citron 1433703548
12 250 262 176 248 255 Blanc_de_lait 1433703569
13 250 263 232 37 37 Ocre_jaune 1433703571
13 239 250 39 207 129 Champagne 1433703585
13 241 248 145 156 46 Sable 1433703599
13 256 245 173 154 154 Gris_de_lin 1433703628
13 255 258 8 70 204 Magenta 1433703719
13 249 240 209 195 132 Blanc_crème 1433703728
13 238 251 232 7 217 Café 1433703739
14 244 258 22 173 103 Vert_émeraude 1433703747
13 238 251 156 76 29 Café 1433703751
14 246 242 18 24 51 Bleu_pétrole 1433703759
14 258 256 133 13 37 Rouge_groseille 1433703768
14 255 243 28 21 105 Bleu_nuit 1433703784
14 248 240 228 237 133 Beurre_frais 1433703823
14 240 248 150 86 18 Melon 1433703823
14 238 252 138 19 59 Fushia 1433703833
14 242 246 87 4 0 Brique 1433703997
14 261 249 156 125 168 Blanc_de_Saturne 1433704012
14 247 241 159 178 199 Blanc_de_platine 1433704025
14 243 245 148 0 37 Rouge_groseille 1433704099
14 255 259 199 18 39 Pourpre 1433704114
14 249 263 196 36 8 Fraise 1433704124
14 257 245 25 1 117 Terre_d'ombre 1433704126
14 239 253 82 42 0 Brun 1433704134
14 256 244 38 46 64 Argile 1433704162
14 256 244 2 1 33 Bleu_nuit 1433704167
14 254 242 161 0 30 Rouge_rubis 1433704177
14 245 243 25 11 71 Bleu_pétrole 1433704183
14 241 247 82 0 19 Bordeaux 1433704188
14 247 261 230 3 3 Rouge_sang 1433704192
14 250 240 204 201 134 Blanc_de_lin 1433704196
14 252 262 59 69 255 Azur 1433704232
14 250 264 209 15 18 Fraise 1433704241
14 254 260 255 56 232 Rose_vif 1433704253
14 238 250 56 28 14 Tabac 1433704263
14 248 262 77 0 0 Sang_de_boeuf 1433704272
14 237 251 148 22 127 Fushia 1433704280
14 244 244 70 128 41 Vert_militaire 1433704280
14 263 251 51 27 9 Café 1433704299
14 256 258 153 17 17 Fraise 1433704360
14 246 260 143 68 14 Caramel 1433704370
14 241 255 184 213 245 Blanc_lunaire 1433704383
14 257 257 51 6 2 Brique 1433704393
14 251 239 190 196 204 Argent 1433704403
14 243 257 85 120 107 Noir_d'encre 1433704410
14 251 263 89 23 23 Rouille 1433704420
14 251 263 122 39 0 Rouille 1433704421
14 243 257 156 173 155 Bleu_ardoise 1433704422
14 262 252 204 20 20 Rouge_tomate 1433704434
14 261 253 6 110 46 Vert_bouteille 1433704458
14 242 256 2 19 115 Bleu_marine 1433704483
14 248 262 255 0 34 Rouge_rubis 1433704509
14 258 246 235 85 85 Parme 1433704577
14 260 248 240 240 240 Blanc_cassé 1433704597
14 259 255 235 12 31 Rouge_coquelicot 1433704614
14 239 249 181 155 40 Blé 1433704624
14 253 261 181 40 191 Rose_vif 1433704680
14 240 254 219 209 151 Blanc_cassé 1433704700
14 259 247 85 18 179 Indigo 1433704709
14 253 241 217 4 22 Rouge_groseille 1433704716
14 245 259 18 77 6 Vert_poireau 1433704726
14 252 240 168 85 25 Châtain 1433704736
14 253 241 43 2 22 Rouge_groseille 1433704748
14 262 250 179 48 0 Rouge_tomate 1433704751
14 260 254 130 0 0 Rouge_coquelicot 1433704764
14 249 239 191 170 88 Beurre_frais 1433704778
15 242 257 83 130 80 Vert_de_gris 1433704792
14 262 250 30 31 15 Vanille 1433704839
15 261 254 171 80 80 Sang_de_boeuf 1433704938
15 257 244 4 1 20 Bleu_nuit 1433704984
15 236 251 194 97 192 Violine 1433704984
15 253 262 74 15 84 Violine 1433704995
15 239 248 99 35 18 Cuivre 1433705003
15 256 243 8 8 10 Noir_d'encre 1433705023
15 241 256 4 4 51 Bleu_marine 1433705039
15 237 252 66 0 48 Violine 1433705054
15 257 258 68 3 77 Aubergine 1433705065
15 259 246 250 154 120 Corail 1433705074
15 256 259 99 5 47 Rouge_carmin 1433705075
15 247 262 194 53 6 Brique 1433705085
15 238 253 51 11 11 Marron 1433705094
15 255 242 5 7 46 Bleu_nuit 1433705101
15 238 249 186 142 48 Blé 1433705121
15 254 261 120 36 150 Zizolin 1433705183
15 248 263 186 0 22 Rouge_vermillon 1433705191
15 251 264 117 0 64 Bordeaux 1433705198
15 248 263 214 98 55 Fraise 1433705203
15 248 239 217 155 21 Sable 1433705217
15 250 239 61 189 63 Beurre_frais 1433705224
15 252 263 41 43 97 Azur 1433705283
15 246 261 105 42 6 Cuivre 1433705286
15 240 247 133 96 31 Noisette 1433705296
15 259 256 242 9 64 Rouge_vermillon 1433705304
15 255 260 194 0 68 Vermeil 1433705310
15 252 263 41 43 97 Azur 1433705312
15 239 254 242 247 188 Blanc_crème 1433705318
15 254 241 66 8 45 Aubergine 1433705328
15 262 249 8 16 41 Noir_d'encre 1433705341
15 252 263 41 43 97 Azur 1433705390
15 253 240 57 6 61 Aubergine 1433705395
15 243 258 227 170 91 Beige 1433705406
15 263 250 107 20 0 Rouge_de_mars 1433705424
15 249 264 176 52 17 Fraise 1433705437
15 241 246 99 0 17 Bordeaux 1433705462
15 251 238 158 145 109 Argent 1433705481
15 247 240 97 102 115 Bleu_acier 1433705493
15 258 245 42 75 99 Bleu_outremer 1433705508
15 260 255 199 0 27 Rouge_carmin 1433705531
15 244 243 34 46 7 Vert_militaire 1433705542
15 246 241 116 128 133 Gris_acier 1433705565
15 245 260 10 56 8 Vert_épinard 1433705572
15 250 265 184 28 0 Rouge_coquelicot 1433705588
15 245 242 2 2 46 Bleu_nuit 1433705594
15 243 244 34 51 3 Vert_militaire 1433705603
15 252 239 178 255 223 Blanc_de_Saturne 1433705622
15 240 255 209 156 230 Cuisse_de_nymphe 1433705638
15 239 254 242 247 188 Blanc_crème 1433705654
15 239 254 242 247 188 Blanc_crème 1433705658
15 239 254 242 247 188 Blanc_crème 1433705662
15 258 257 46 14 7 Marron 1433705666
15 260 247 38 25 171 Indigo 1433705670
15 244 259 37 133 79 Turquoise 1433705702
15 262 253 5 61 23 Vert_bouteille 1433705741
15 249 238 219 201 167 Sable 1433705778
15 242 245 158 35 82 Rouge_bourgogne 1433705780
15 237 250 99 69 24 Marron 1433705785
15 261 248 199 220 232 Blanc_lunaire 1433705801
15 263 252 122 94 82 Marron 1433705801
15 261 248 3 3 10 Cassis 1433705801
15 242 245 59 4 4 Rouge_bourgogne 1433705809
15 264 251 46 18 4 Brou_de_noix 1433705815
15 264 251 102 87 53 Brou_de_noix 1433705816
15 264 251 36 33 23 Brou_de_noix 1433705822
16 249 265 250 20 73 Rouge_écrevisse 1433705827
16 247 239 26 9 51 Violet_d'évêque 1433705842
16 250 238 106 250 87 Vert_pomme 1433705842
16 247 239 217 97 46 Melon 1433705843
16 237 249 194 159 52 Blé 1433705850
16 264 252 64 21 5 Châtaigne 1433705858
16 252 264 4 83 219 Bleu_outremer 1433705866
16 238 254 43 17 10 Brou_de_noix 1433705876
16 239 255 227 213 164 Blanc_crème 1433705888
16 261 247 227 223 218 Blanc_lunaire 1433705895
16 258 258 33 14 5 Brou_de_noix 1433705900
16 250 266 158 0 0 Rouge_sang 1433705907
16 251 265 99 11 12 Rouge_sang 1433705911
16 253 263 13 16 31 Bleu_pétrole 1433705914
16 240 246 38 6 6 Bordeaux 1433705928
16 250 266 158 0 0 Rouge_sang 1433705935
16 239 247 105 55 17 Noisette 1433705938
16 248 264 194 66 19 ﻿Abricot 1433705952
16 247 263 128 0 0 Rouge_coquelicot 1433705964
16 238 248 189 150 44 Blé 1433705972
16 260 256 168 0 22 Rouge_vermillon 1433705995
16 256 260 77 10 10 Rouge_rubis 1433705996
16 237 253 22 9 46 Aubergine 1433706004
16 241 257 11 17 77 Bleu_marine 1433706012
16 262 248 1 20 7 Noir_d'encre 1433706018
16 244 260 4 33 12 Vert_épinard 1433706024
16 246 240 54 55 56 Plomb 1433706035
16 236 250 59 39 5 Bronze 1433706036
16 240 256 18 61 163 Coquille_d'oeuf 1433706057
16 256 242 5 7 41 Bleu_marine 1433706058
16 243 243 31 14 4 Brou_de_noix 1433706067
16 260 246 43 7 84 Indigo 1433706077
16 252 238 194 242 235 Blanc_de_Saturne 1433706086
16 245 241 214 214 214 Gris_souris 1433706089
16 242 258 102 138 108 Vert_de_gris 1433706097
16 251 237 135 82 35 Sépia 1433706099
16 245 261 99 52 8 Brun 1433706107
16 253 239 200 240 218 Blanc_de_Saturne 1433706175
16 259 257 28 8 3 Brou_de_noix 1433706183
16 246 262 84 45 10 Brun 1433706193
16 243 259 133 49 13 Ocre_rouge 1433706240
16 264 250 156 83 34 Café_au_lait 1433706249
16 255 241 14 22 64 Bleu_marine 1433706272
16 257 243 5 35 38 Noir_d'encre 1433706289
16 263 249 17 61 112 Brique 1433706290
16 257 243 15 18 31 Noir_d'encre 1433706292
16 244 242 5 10 56 Bleu_marine 1433706300
16 244 242 64 31 12 Brou_de_noix 1433706303
16 255 261 217 0 36 Pourpre 1433706318
16 254 240 80 17 92 Aubergine 1433706320
16 241 245 69 0 13 Bordeaux 1433706337
16 242 244 61 23 40 Prune 1433706367
16 242 244 46 28 17 Brou_de_noix 1433706376
16 261 255 140 72 48 Châtain 1433706377
16 265 251 33 11 6 Châtaigne 1433706397
16 259 245 245 193 245 Rose_thé 1433706422
16 263 253 25 0 41 Cassis 1433706440
16 249 237 245 213 213 Ventre_de_biche 1433706451
16 262 254 69 42 32 Châtain 1433706457
16 262 254 181 113 98 Châtain 1433706459
16 236 252 135 63 163 Mauve 1433706461
16 258 244 6 6 28 Noir_d'encre 1433706466
16 235 251 150 25 140 Violet 1433706473
16 248 238 252 158 70 Melon 1433706476
16 257 259 48 3 35 Aubergine 1433706481
16 257 259 34 97 31 Aubergine 1433706484
16 254 262 23 26 41 Bleu_pétrole 1433706489
17 241 244 156 146 33 Aubergine 1433706497
17 240 245 79 0 14 Bordeaux 1433706501
17 239 256 194 174 101 Blanc_de_lin 1433706518
17 240 257 12 37 150 Bleu_roi 1433706531
17 244 241 10 11 48 Bleu_marine 1433706536
17 257 260 51 0 9 Bordeaux 1433706541
17 255 262 20 15 16 Noir_d'encre 1433706568
17 255 240 19 30 105 Bleu_marine 1433706606
17 261 246 8 31 41 Bleu_pétrole 1433706634
17 239 246 77 77 77 Tabac 1433706648
17 236 249 240 240 149 Brou_de_noix 1433706657
17 265 252 3 6 18 Noir_d'encre 1433706678
17 253 264 7 7 31 Noir_d'encre 1433706680
17 264 249 128 68 12 Feuille-morte 1433706689
17 243 260 4 11 36 Noir_d'encre 1433706701
17 265 252 13 2 2 Noir_d'encre 1433706706
17 236 253 31 3 64 Zizolin 1433706712
17 258 259 71 0 13 Bordeaux 1433706722
17 250 237 194 160 149 Ventre_de_biche 1433706748
17 263 248 13 18 46 Bleu_de_minuit 1433706805
17 262 255 181 104 33 Vanille 1433706829
17 246 263 122 57 11 Brun 1433706836
17 247 238 255 145 71 ﻿Abricot 1433706859
17 257 242 24 25 36 Noir_d'encre 1433706870
17 241 258 9 4 36 Bleu_nuit 1433706873
17 256 241 1 7 71 Bleu_marine 1433706901
17 238 247 46 18 0 Brun 1433706914
17 250 267 107 14 0 Rouge_sang 1433706972
17 252 237 230 214 184 Blanc_lunaire 1433706990
17 259 244 207 137 91 Pêche 1433706995
17 246 239 255 158 102 ﻿Abricot 1433707009
17 260 245 242 236 198 Blanc_lunaire 1433707024
17 256 261 46 1 9 Bordeaux 1433707025
17 234 251 87 39 102 Zizolin 1433707033
17 261 256 56 30 22 Feuille-morte 1433707034
17 258 243 20 20 43 Noir_d'encre 1433707041
17 242 243 112 44 143 Aubergine 1433707044
17 248 237 161 87 87 Saumon 1433707050
17 248 265 189 26 7 Fraise 1433707053
17 265 250 89 58 50 Café_au_lait 1433707063
17 252 265 32 0 128 Bleu_paon 1433707066
17 247 264 145 32 32 Fraise 1433707077
17 263 254 179 128 61 Vanille 1433707084
17 244 261 1 0 10 Noir_d'encre 1433707089
15 252 263 41 43 97 Azur 1433707089
17 245 262 54 28 16 Brun 1433707090
17 245 240 38 12 3 Ebène 1433707094
17 254 263 10 12 31 Noir_d'encre 1433707103
17 249 236 247 241 215 Blanc_cassé 1433707112
17 235 252 157 101 194 Mauve 1433707116
17 264 253 1 1 10 Noir_d'encre 1433707123
17 254 239 161 215 240 Blanc_de_Saturne 1433707130
17 251 236 56 28 14 Noisette 1433707139
17 253 238 184 184 184 Blanc_de_Saturne 1433707141
17 260 257 14 14 20 Noir_d'encre 1433707145
17 249 266 209 19 41 Rouge_vermillon 1433707151
17 243 242 23 26 21 Noir_d'encre 1433707152
17 235 250 178 21 217 Violine 1433707157
17 237 248 199 168 54 Blé 1433707176
17 237 248 171 104 15 Blé 1433707183
17 242 259 118 163 154 Vert_de_gris 1433707191
17 251 266 158 0 0 Rouge_sang 1433707194
17 251 266 105 36 36 Rouge_bourgogne 1433707205
17 237 254 2 1 10 Noir_d'encre 1433707222
17 259 258 1 0 15 Noir_d'encre 1433707233
17 237 254 2 3 20 Noir_d'encre 1433707237
17 238 255 232 230 216 Blanc_de_lin 1433707246
17 262 247 1 2 8 Noir_d'encre 1433707257
17 238 255 194 99 99 Noir_d'encre 1433707311
17 266 251 41 41 41 Noir_d'encre 1433707335
15 252 263 41 43 97 Azur 1433707343
18 235 249 176 0 73 Fushia 1433707345
18 263 255 168 96 13 Poil_de_chameau 1433707369
17 259 258 2 8 26 Noir_d'encre 1433707374
18 241 243 36 77 105 Zizolin 1433707397
18 245 239 1 7 13 Noir_d'encre 1433707417
18 244 240 3 1 18 Noir_d'encre 1433707432
18 254 238 14 194 191 Bleu_des_mers_du_sud 1433707449
18 240 244 65 87 43 Kaki 1433707463
18 247 237 13 8 143 Châtain 1433707464
18 253 237 114 125 125 Argent 1433707470
18 252 236 247 243 228 Blanc_de_lin 1433707485
18 246 238 235 149 112 Corail 1433707485
18 245 263 133 56 12 Rouille 1433707495
18 257 261 94 22 22 Bordeaux 1433707502
18 265 249 54 23 6 Chocolat 1433707506
18 260 258 1 1 13 Noir_d'encre 1433707516
18 256 262 99 36 34 Bordeaux 1433707516
18 258 260 56 9 9 Bordeaux 1433707519
18 236 248 150 131 45 Poil_de_chameau 1433707522
18 262 256 122 57 13 Poil_de_chameau 1433707529
18 246 264 219 52 52 Fraise_écrasée 1433707542
18 248 236 120 67 9 Châtain 1433707543
18 248 236 120 72 36 Châtain 1433707547
18 249 267 110 28 28 Rouge_bourgogne 1433707555
18 234 250 23 145 90 Zizolin 1433707556
18 263 247 7 8 18 Noir_d'encre 1433707578
18 248 266 250 3 32 Rouge_vermillon 1433707595
18 239 257 9 34 110 Bleu_paon 1433707595
18 264 248 181 74 13 Cuivre 1433707618
18 247 265 103 31 125 Fauve 1433707632
18 259 243 122 46 18 Orange_brûlée 1433707641
18 261 257 38 12 1 Chocolat 1433707646
18 244 262 128 60 21 Chocolat 1433707655
18 266 250 71 38 10 Cacao 1433707675
18 252 266 10 143 245 Azur 1433707685
18 253 265 24 31 54 Noir_d'encre 1433707697
18 233 251 186 77 37 Zizolin 1433707745
18 235 253 213 5 250 Violet 1433707748
18 242 260 37 39 54 Noir_d'encre 1433707761
18 243 261 15 15 20 Noir_d'encre 1433707775
18 237 255 240 238 231 Blanc_de_lait 1433707866
18 234 252 196 255 0 Zizolin 1433707866
18 250 236 145 96 143 Gris_de_lin 1433707869
18 266 250 71 38 10 Cacao 1433707876
18 242 242 102 22 101 Violine 1433707887
18 238 256 153 110 19 Sable 1433707892
18 259 259 107 19 19 Bordeaux 1433707896
18 238 246 5 5 5 Noir_d'encre 1433707914
18 255 239 53 65 196 Bleu_céleste 1433707933
18 236 254 5 3 82 Bleu_nuit 1433707940
18 251 235 56 36 18 Chocolat 1433707971
18 266 252 28 23 17 Ebène 1433707985
18 261 245 10 12 13 Noir_d'encre 1433707993
18 249 235 176 174 127 Blanc_cassé 1433708004
18 267 251 33 25 19 Ebène 1433708020
18 262 246 44 52 69 Noir_d'encre 1433708041
18 258 242 40 50 56 Noir_d'encre 1433708081
18 265 253 212 99 235 Noir_d'encre 1433708119
18 251 267 46 9 1 Brique 1433708137
18 243 241 89 89 89 Noir_d'encre 1433708248
18 257 241 10 11 31 Noir_d'encre 1433708252
18 254 264 36 36 36 Noir_d'encre 1433708254
18 264 254 20 28 48 Noir_d'encre 1433708262
18 260 244 173 143 109 Blanc_cassé 1433708270
18 240 258 36 43 122 Bleu_paon 1433708283
18 239 245 26 6 36 Cassis 1433708296
18 237 247 20 22 33 Noir_d'encre 1433708300
18 237 247 255 238 0 Blé 1433708300
18 256 240 1 7 115 Bleu_de_minuit 1433708305
18 237 247 20 22 33 Noir_d'encre 1433708311
18 241 259 26 24 24 Noir_d'encre 1433708328
18 255 263 168 128 149 Noir_d'encre 1433708330
18 250 268 64 0 0 Rouge_bourgogne 1433708335
19 241 260 5 5 5 Noir_d'encre 1433708341
19 233 252 232 105 196 Jaune_chartreuse 1433708341
19 235 254 158 9 69 Fushia 1433708342
18 241 259 8 6 54 Noir_d'encre 1433708345
19 236 247 8 8 8 Noir_d'encre 1433708346
19 255 264 18 17 17 Noir_d'encre 1433708353
19 239 258 11 16 38 Bleu_de_minuit 1433708372
19 251 268 107 0 12 Bordeaux 1433708372
19 238 245 13 1 23 Noir_d'encre 1433708380
19 256 239 255 221 0 Bleu_nuit 1433708382
19 260 259 133 0 24 Rouge_bourgogne 1433708394
19 236 255 255 238 219 Blanc_de_lait 1433708401
19 267 250 51 26 14 Chocolat 1433708402
19 237 246 115 128 140 Chrome 1433708410
19 247 266 133 47 173 Violine 1433708419
19 242 241 49 1 64 Prune 1433708430
19 248 235 79 45 0 Rouille 1433708442
19 245 238 255 105 64 Corail 1433708444
19 241 242 140 70 148 Prune 1433708446
19 240 259 2 8 20 Noir_d'encre 1433708450
19 257 262 56 6 4 Brique 1433708458
19 262 245 117 86 130 Cassis 1433708472
19 258 261 84 17 0 Bordeaux 1433708510
19 237 256 98 117 35 Blanc_de_lait 1433708556
19 235 248 166 107 43 Basané 1433708567
19 240 243 90 3 133 Violet_d'évêque 1433708575
19 266 253 12 23 23 Noir_d'encre 1433708583
19 243 262 15 13 4 Noir_d'encre 1433708593
19 246 265 194 56 173 Violine 1433708597
19 254 237 86 92 91 Gris_fer 1433708602
19 244 239 13 14 15 Noir_d'encre 1433708610
19 245 264 224 67 67 Fraise_écrasée 1433708625
19 261 258 8 11 15 Noir_d'encre 1433708633
19 234 253 255 194 25 Jaune_moutarde 1433708635
19 266 249 54 25 15 Chocolat 1433708651
19 238 257 214 131 58 Poil_de_chameau 1433708654
19 254 265 15 13 13 Noir_d'encre 1433708659
19 234 249 255 18 18 Pourpre 1433708678
19 264 247 199 92 30 Roux 1433708696
19 267 252 12 23 9 Noir_d'encre 1433708711
19 258 241 14 31 11 Noir_d'encre 1433708722
19 256 263 39 48 54 Argile 1433708733
19 259 260 51 14 31 Bordeaux 1433708744
19 257 240 9 17 20 Noir_d'encre 1433708756
19 247 236 133 112 80 Café_au_lait 1433708769
19 246 237 157 135 173 Bleu_paon 1433708793
19 252 267 36 1 7 Bordeaux 1433708805
19 250 235 194 162 116 Beige 1433708814
19 233 250 38 204 190 Turquoise 1433708817
19 253 266 3 7 41 Bleu_nuit 1433708822
19 259 242 156 65 0 Rouille 1433708831
19 264 255 133 0 2 Rouge_feu 1433708853
19 263 256 184 96 13 Poil_de_chameau 1433708863
19 260 243 191 159 122 Sépia 1433708866
19 265 254 168 3 80 Lilas 1433708873
19 253 236 80 87 94 Gris_fer 1433708882
19 244 263 204 85 0 Rouille 1433708885
19 263 246 3 8 23 Noir_d'encre 1433708892
19 263 246 37 38 38 Gris_anthracite 1433708892
19 265 248 156 41 9 Roux 1433708905
19 252 235 43 30 2 Chocolat 1433708908
19 248 267 250 3 3 Rouge_vermillon 1433708925
19 239 244 49 117 45 Vert_mousse 1433708944
19 261 244 8 7 3 Noir_d'encre 1433708948
19 243 240 23 28 41 Plomb 1433708962
19 255 238 46 33 194 Bleu_de_France 1433708967
19 255 238 5 12 135 Bleu_de_France 1433708992
19 249 268 89 0 12 Sang_de_boeuf 1433709041
19 251 234 33 14 14 Chocolat 1433709068
19 250 269 71 0 17 Bordeaux 1433709087
19 249 234 247 232 212 Beige 1433709113
19 265 248 26 16 9 Chocolat 1433709146
19 242 261 12 31 153 Bleu_nuit 1433709237
19 268 251 3 5 10 Noir_d'encre 1433709245
19 262 257 46 23 11 Chocolat 1433709253
19 232 251 173 84 0 Roux 1433709268
20 236 256 71 58 11 Kaki 1433709280
19 262 257 74 43 15 Chocolat 1433709302
20 234 254 158 0 0 Rouge_rubis 1433709314
20 243 263 194 90 15 Roux 1433709330
20 246 236 128 128 128 Gris_souris 1433709333
20 255 237 47 84 196 Bleu_de_France 1433709353
20 266 248 54 30 20 Chocolat 1433709361
20 233 253 204 78 128 Rose_bonbon 1433709370
20 234 248 179 96 18 Poil_de_chameau 1433709381
20 234 248 173 120 64 Poil_de_chameau 1433709385
20 247 235 82 34 12 Brun 1433709390
20 238 244 28 16 7 Noir_d'encre 1433709402
20 235 255 227 221 154 Blanc_d'ivoire 1433709412
20 245 265 204 18 40 Fraise_écrasée 1433709420
20 254 266 18 16 7 Noir_d'encre 1433709423
20 241 241 171 59 173 Violine 1433709433
20 259 241 153 43 15 Rouge_feu 1433709441
20 244 238 9 6 33 Noir_d'encre 1433709449
20 253 267 3 7 105 Bleu_marine 1433709465
11 255 256 237 43 43 Fraise 1433709491
20 244 264 150 87 15 Roux 1433709493
20 254 236 31 29 30 Ardoise 1433709500
20 264 246 237 143 43 Miel 1433709501
20 262 258 54 32 2 Chocolat 1433709520
20 256 264 90 250 237 Noir_d'encre 1433709525
20 232 250 15 231 255 Turquoise 1433709527
20 261 243 201 176 109 Sable 1433709548
20 265 247 122 28 7 Rouge_de_mars 1433709571
20 239 243 15 27 158 Indigo 1433709588
20 240 242 34 10 38 Indigo 1433709597
20 259 241 222 57 11 Rouge_feu 1433709599
20 237 245 15 13 18 Noir_d'encre 1433709602
20 257 263 46 40 27 Ebène 1433709611
20 251 269 71 14 26 Rouge_bourgogne 1433709611
20 267 249 61 35 11 Chocolat 1433709619
20 247 267 227 66 255 Violine 1433709631
20 238 258 217 102 35 Melon 1433709636
20 243 239 3 8 6 Noir_d'encre 1433709639
20 258 262 138 67 61 Brique 1433709644
20 252 268 71 21 0 Chocolat 1433709653
20 255 265 33 14 1 Noir_d'encre 1433709656
20 260 242 237 42 35 Rouge_feu 1433709674
20 250 234 224 182 119 Sable 1433709676
20 235 247 176 104 21 Poil_de_chameau 1433709680
20 237 257 51 59 27 Kaki 1433709681
20 232 252 247 94 186 Rose_bonbon 1433709688
20 256 238 93 0 186 Indigo 1433709692
20 252 234 59 21 23 Chocolat 1433709700
20 260 260 194 0 0 Rouge_carmin 1433709700
20 263 245 61 23 9 Ebène 1433709701
20 263 245 13 6 1 Ebène 1433709706
20 245 237 80 68 102 Bleu_horizon 1433709707
20 257 239 235 204 64 Boutton_d'or 1433709718
20 236 246 71 48 45 Terre_d'ombre 1433709720
20 242 240 10 5 135 Bleu_pétrole 1433709721
20 262 244 9 14 26 Noir_d'encre 1433709729
20 263 257 38 22 9 Chocolat 1433709746
20 248 268 250 8 0 Rouge_ponceau 1433709747
20 233 249 156 0 26 Rouge_vermillon 1433709759
20 261 259 87 6 44 Rouge_groseille 1433709759
20 248 268 82 8 39 Bordeaux 1433709764
20 249 269 51 0 0 Bordeaux 1433709765
20 250 270 66 0 0 Bordeaux 1433709772
20 246 266 75 28 110 Violet 1433709778
20 248 234 71 43 18 Brun 1433709780
20 259 261 43 9 1 Bordeaux 1433709786
20 248 234 255 255 255 Blanc_de_lait 1433709796
20 265 255 66 0 22 Cerise 1433709797
20 241 261 50 107 168 Bleu_égyptien 1433709801
20 253 235 151 46 153 Zizolin 1433709805
20 242 262 8 43 201 Klein 1433709828
20 266 254 24 0 28 Noir_d'encre 1433709831
20 266 254 255 0 21 Rouge_cramoisi 1433709837
20 231 251 212 85 11 Roux 1433709843
20 264 256 140 10 10 Rouge_sang 1433709869
20 258 240 5 5 5 Noir_d'encre 1433709873
20 240 260 3 3 3 Noir_d'encre 1433709882
20 246 266 140 0 255 Violet 1433709955
20 268 250 99 32 224 Noir_d'encre 1433709987
20 267 253 10 8 3 Noir_d'encre 1433710118
20 268 252 5 7 20 Noir_d'encre 1433710198
20 251 233 65 186 35 Noir_d'encre 1433710350
20 239 259 23 6 13 Noir_charbon 1433710379
20 249 233 247 224 161 Coquille_d'oeuf 1433710384
20 269 251 31 16 6 Ebène 1433710386
21 246 267 8 101 242 Indigo 1433710398
21 238 243 43 39 36 Noir_de_fumée 1433710445
21 247 268 110 11 11 Vermeil 1433710488
21 268 249 89 39 16 Brou_de_noix 1433710499
21 268 249 89 39 16 Brou_de_noix 1433710517
21 238 259 255 136 0 Citrouille 1433710557
21 233 248 153 48 25 Rouge_carmin 1433710587
21 243 264 110 41 4 Rouille 1433710632
21 236 257 26 16 16 Café 1433710733
21 235 246 230 108 21 Cuivre 1433710773
21 267 248 31 11 3 Café 1433710810
21 248 269 38 4 51 Cassis 1433710825
21 240 241 247 129 247 Lilas 1433710832
21 245 236 30 33 38 Ardoise 1433710839
21 252 269 196 24 96 Cassis 1433710857
21 267 254 15 1 9 Cassis 1433710894
21 268 253 26 8 1 Ebène 1433710927
21 244 265 46 23 7 Tabac 1433710934
21 255 266 31 10 1 Ebène 1433710961
21 256 237 108 56 115 Violet 1433710974
21 237 258 20 13 0 Réglisse 1433710983
21 237 244 8 6 2 Noir_charbon 1433710998
21 254 267 1 1 26 Bleu_nuit 1433711024
21 266 247 148 84 0 Caramel 1433711054
21 244 237 102 5 96 Violet_d'évêque 1433711089
21 265 246 204 116 33 ﻿Abricot 1433711098
21 233 254 189 25 0 Rouge_sang 1433711137
21 254 235 78 31 107 Violine 1433711156
21 234 247 133 98 72 Poil_de_chameau 1433711206
21 250 233 240 210 183 Coquille_d'oeuf 1433711236
21 236 245 28 23 12 Noir_charbon 1433711237
21 255 236 53 59 92 Bleu_acier 1433711252
21 263 244 26 16 9 Ebène 1433711254
21 239 260 237 213 171 Ebène 1433711276
21 232 249 209 0 63 Rouge_carmin 1433711277
21 239 260 237 213 171 Ebène 1433711314
21 253 234 70 0 110 Violet 1433711332
21 234 255 219 13 54 Rouge_carmin 1433711347
21 247 234 255 255 255 Café 1433711380
20 267 253 143 0 0 Noir_d'encre 1433711411
21 260 261 186 9 9 Rouge_coquelicot 1433711457
21 262 243 3 3 252 Beige 1433711470
21 239 242 3 61 74 Bleu_égyptien 1433711474
21 264 245 245 165 90 Melon 1433711497
21 231 250 3 206 252 Cyan 1433711504
21 257 238 210 151 222 Violet 1433711551
21 251 232 47 201 80 Vert_pomme 1433711564
21 240 261 74 46 199 Bleu_bleuet 1433711576
21 253 268 10 7 82 Bleu_nuit 1433711584
21 261 260 51 0 0 Bordeaux 1433711591
21 259 240 230 124 3 Brique 1433711593
21 235 256 23 11 6 Vanille 1433711598
21 249 270 34 16 56 Cassis 1433711607
21 258 239 145 12 0 Mars 1433711611
21 261 242 148 0 0 Rouge_tomate 1433711625
21 246 235 56 29 10 Marron 1433711629
21 269 252 23 8 8 Noir_charbon 1433711637
21 248 233 151 176 176 Blanc 1433711649
21 264 257 82 16 16 Cachou 1433711662
21 243 238 92 39 39 Ebène 1433711664
21 232 253 117 4 23 Cerise 1433711666
21 266 255 173 85 9 Vermeil 1433711702
21 259 262 26 26 21 Noir_charbon 1433711726
21 250 271 15 11 11 Noir_d'encre 1433711733
21 256 265 36 36 36 Noir_de_fumée 1433711735
21 232 253 255 0 157 Rose_bonbon 1433711738
21 259 262 26 10 1 Noir_charbon 1433711740
21 245 266 43 0 143 Indigo 1433711744
21 262 259 79 0 9 Bordeaux 1433711753
21 260 241 230 14 50 Corail 1433711757
21 231 252 148 44 9 Orange_brûlée 1433711759
21 230 251 179 75 0 Orange_brûlée 1433711763
21 252 233 36 24 14 Ebène 1433711772
21 257 264 23 11 3 Réglisse 1433711781
21 263 258 20 9 1 Réglisse 1433711788
21 269 250 56 4 128 Indigo 1433711798
21 241 262 100 120 148 Bleu_acier 1433711805
21 249 232 196 196 104 Champagne 1433711814
21 242 263 56 11 0 Brique 1433711857
21 242 239 19 7 26 Noir_charbon 1433711864
21 251 270 19 19 31 Noir_d'encre 1433711871
21 265 256 69 0 13 Bordeaux 1433711880
21 258 263 82 33 5 Acajou 1433711889
21 270 251 31 16 2 Réglisse 1433711897
21 241 240 3 7 87 Bleu_nuit 1433711904
22 268 248 120 58 24 Brun 1433711913
22 265 245 153 20 0 Mars 1433711926
22 254 234 166 61 168 Zizolin 1433711935
22 250 232 255 3 24 Ventre_de_biche 1433711944
22 263 259 43 41 46 Noir_charbon 1433711968
22 237 259 255 163 3 Orange 1433711988
22 267 255 252 54 5 Fauve 1433711999
22 264 258 26 21 19 Réglisse 1433712003
22 245 267 39 129 232 Azur 1433712005
22 250 272 12 10 13 Noir_charbon 1433712006
22 259 263 15 15 15 Noir_de_fumée 1433712018
22 246 268 107 0 0 Rouge_bourgogne 1433712045
22 232 254 69 9 33 Rouge_bourgogne 1433712052
22 240 262 28 70 82 Bleu_ardoise 1433712056
22 260 240 207 68 8 Citrouille 1433712058
22 231 249 133 8 18 Rouge_cramoisi 1433712076
22 231 249 3 79 255 Cyan 1433712082
22 234 246 20 15 10 Vanille 1433712095
22 265 257 107 0 54 Bordeaux 1433712097
22 257 237 120 20 44 Parme 1433712113
22 230 252 158 44 44 Brique 1433712125
22 244 266 21 137 214 Bleu_outremer 1433712125
22 260 262 255 0 0 Réglisse 1433712138
22 259 239 152 255 92 Rouge_sang 1433712158
22 253 269 5 27 79 Bleu_nuit 1433712174
22 236 244 26 26 26 Noir_de_fumée 1433712176
22 264 244 255 26 0 Mandarine 1433712299
22 242 264 5 4 4 Réglisse 1433712399
22 252 270 196 0 0 Rouge_rubis 1433712520
22 264 244 255 26 0 Mandarine 1433712540
22 264 244 255 26 0 Mandarine 1433712544
22 264 244 255 26 0 Mandarine 1433712547
22 264 244 255 26 0 Mandarine 1433712550
22 235 245 14 16 20 Noir_de_fumée 1433712854
22 244 236 7 28 33 Noir_de_fumée 1433712856
22 238 260 232 151 0 Orange 1433712865
22 247 269 97 12 12 Sang_de_boeuf 1433712915
22 266 256 153 153 153 Bordeaux 1433712989
22 255 235 20 25 163 Violet_d'évêque 1433713275
22 248 270 21 5 250 Cassis 1433713296
22 230 250 41 28 82 Cyan 1433713313
22 254 268 19 31 64 Bleu_nuit 1433713391
22 256 236 38 36 99 Bleu_pétrole 1433713417
22 248 232 191 191 191 Gris_acier 1433713575
22 251 271 34 47 56 Noir_de_fumée 1433713660
22 246 234 64 29 117 Blanc_de_Saturne 1433714450
22 231 253 255 36 204 Rose_vif 1433714457
22 251 231 47 150 21 Vert_pomme 1433714514
22 255 267 8 5 5 Noir_d'encre 1433714529
22 266 246 140 30 5 Rouille 1433714549
22 263 243 3 0 191 Klein 1433714566
22 262 260 56 22 30 Rouge_bourgogne 1433714583
22 233 247 82 49 13 Châtaigne 1433714611
22 239 261 209 186 155 Sable 1433714678
22 245 235 18 0 13 Noiraud 1433714719
22 233 255 181 0 0 Rouge_écrevisse 1433714796
22 245 235 74 166 46 Noir_de_fumée 1433714805
22 242 238 13 18 20 Noir_charbon 1433714920
22 243 265 112 61 61 Acajou 1433714955
22 232 248 74 16 0 Brique 1433715019
22 241 239 23 20 22 Noir_charbon 1433715026
22 258 264 43 27 22 Noir_charbon 1433715036
22 252 232 100 219 92 Menthe 1433715047
22 249 231 186 159 52 Blond 1433715059
22 239 241 156 62 168 Mauve 1433715070
22 256 266 18 20 33 Noir_d'encre 1433715078
22 237 243 31 33 59 Noir_d'encre 1433715087
22 269 249 105 53 13 Marron 1433715096
22 249 271 22 30 59 Noir_d'encre 1433715108
22 236 258 59 58 58 Noir_charbon 1433715131
22 236 258 59 58 58 Noir_charbon 1433715134
22 268 254 32 46 32 Noiraud 1433715170
22 234 256 168 3 42 Rouge_rubis 1433715194
22 262 242 212 0 0 Rouge_écrevisse 1433715202
22 240 240 90 8 153 Bleu_nuit 1433715215
22 243 237 133 17 38 Bordeaux 1433715225
22 261 241 166 0 64 Rouge_rubis 1433715235
22 247 233 106 130 91 Vert_de_gris 1433715893
22 258 238 161 148 129 Gris_de_lin 1433715975
22 241 263 61 14 14 Glauque 1433716005
22 229 251 186 72 11 Orange_brûlée 1433716038
22 253 233 122 2 32 Cassis 1433716097
22 267 247 173 104 31 Roux 1433716110
22 257 265 23 20 20 Noir_de_fumée 1433716148
22 261 261 235 7 7 Rouge_coquelicot 1433716183
22 235 257 199 16 16 Noir_d'encre 1433716250
22 271 251 232 21 21 Noiraud 1433716280
22 270 250 32 181 250 Cassis 1433716332
22 270 252 245 213 86 Noir_charbon 1433716347
22 269 253 15 31 77 Réglisse 1433716358
22 238 242 177 52 235 Bleu_marine 1433716375
23 238 241 199 48 48 Lilas 1433716411
23 256 267 117 142 148 Ebène 1433716426
23 244 235 70 150 184 Réglisse 1433716434
23 232 255 88 191 134 Aubergine 1433716447
23 257 266 176 67 151 Noir_de_fumée 1433716460
23 254 269 205 232 33 Bleu_nuit 1433716463
23 266 257 23 191 141 Bordeaux 1433716471
23 267 256 214 203 81 Gris_souris 1433716484
23 255 268 35 23 82 Noir_d'encre 1433716504
23 265 244 100 91 102 Rouge_tomate 1433716532
23 264 243 51 17 17 Rouge_de_mars 1433716549
23 237 242 111 27 128 Mauve 1433716576
23 269 254 26 25 25 Noir_de_fumée 1433716595
23 268 255 219 122 65 Mandarine 1433716624
23 257 236 15 15 20 Bleu_pétrole 1433716642
23 234 257 255 0 0 Rouge_ponceau 1433716662
23 260 239 173 93 56 Fauve 1433716677
23 232 247 102 57 102 Cachou 1433716698
23 252 271 230 5 5 Rouge_écrevisse 1433716724
23 236 243 18 15 15 Noir_charbon 1433716743
23 262 261 5 4 18 Noir_d'encre 1433716765
23 236 243 15 7 8 Noir_charbon 1433716773
23 270 249 117 48 14 Brun 1433716783
23 233 256 143 16 16 Rouge_cramoisi 1433716788
23 244 267 20 201 180 Cyan 1433716809
23 255 234 18 3 176 Klein 1433716822
23 245 234 60 19 143 Cassis 1433717184
6 245 251 73 71 87 Menthe_à_l'eau 1433717697
23 258 237 62 10 87 Prune 1433718036
23 248 271 12 7 54 Bleu_pétrole 1433718077
23 245 268 115 7 7 Sang_de_boeuf 1433718107
23 250 231 34 107 34 Vert_gazon 1433718491
23 261 240 125 6 40 Pourpre 1433718740
23 234 245 3 3 3 Noir_d'encre 1433719017
23 266 245 117 42 42 Rouge_de_mars 1433719036
23 246 269 125 5 21 Rouge_bourgogne 1433719076
23 271 250 199 237 255 Bleu_céleste 1433719376
23 265 258 94 24 51 Pourpre 1433719403
23 230 253 232 23 23 Rouge_tomate 1433719416
23 251 230 101 194 43 Vert_gazon 1433724033
23 252 231 65 156 46 Vert_gazon 1433725211
23 262 241 79 13 22 Cerise 1433727540
23 262 241 79 13 22 Cerise 1433727586
23 259 238 102 158 65 Vert_anis 1433727612
23 253 232 2 18 2 Vert_absinthe 1433727644
23 253 232 2 18 2 Vert_absinthe 1433727668
23 242 265 2 1 13 Noir_d'encre 1433727687
23 231 248 150 28 0 Rouge_de_mars 1433731631
23 247 270 107 18 13 Rouge_bourgogne 1433732884
23 231 254 36 36 36 Réglisse 1433732946
23 239 240 97 23 56 Mauve 1433734185
23 264 259 2 23 14 Noir_de_fumée 1433734207
23 243 236 48 35 66 Noir_de_fumée 1433734309
23 230 249 3 6 71 Bleu_nuit 1433739591
23 236 259 13 10 5 Ebène 1433740135
23 258 265 36 32 32 Noir_charbon 1433740348
23 235 258 79 62 39 Taupe 1433740364
23 253 270 40 43 61 Bleu_pétrole 1433740374
23 270 253 50 57 87 Bleu_pétrole 1433740385
23 235 244 17 38 37 Noir_d'encre 1433740394
23 237 260 184 80 0 Orange 1433740404
23 263 242 33 33 120 Klein 1433740415
23 240 263 31 14 3 Brou_de_noix 1433740458
23 267 246 171 34 0 Rouge_de_mars 1433741325
23 263 260 40 48 38 Noir_de_fumée 1433741336
23 254 233 107 4 23 Cerise 1433741349
23 241 264 43 13 3 Brou_de_noix 1433741359
23 271 252 181 70 33 Corail 1433741371
23 248 231 102 140 135 Gris_acier 1433741383
23 229 252 163 35 0 Orange_brûlée 1433741394
23 238 261 204 109 0 Orange 1433741404
23 229 250 3 9 138 Bleu_nuit 1433741412
23 259 264 29 31 29 Noir_charbon 1433741420
23 247 232 201 200 175 Gris_de_lin 1433741433
23 246 233 28 3 24 Cassis 1433741449
23 233 246 48 22 12 Marron 1433741463
23 241 238 24 26 31 Noir_d'encre 1433741472
23 228 251 153 41 0 Orange_brûlée 1433741483
23 249 272 27 29 48 Noir_d'encre 1433741495
23 243 266 59 79 255 Cyan 1433741508
23 240 239 34 14 36 Noir_d'encre 1433741517
23 239 262 31 34 48 Bleu_pétrole 1433741531
23 256 235 7 0 204 Klein 1433741575
23 272 251 148 22 47 Rouge_ponceau 1433741585
23 268 247 189 60 0 Roux 1433741615
23 269 248 150 67 18 Brun 1433741622
23 242 237 130 8 20 Cerise 1433741632
23 249 230 143 80 26 Ocre_jaune 1433741649
23 261 262 163 0 19 Rouge_coquelicot 1433741664
23 260 263 255 0 30 Rouge_écrevisse 1433741678
23 251 272 7 105 55 Bleu_pétrole 1433741717
23 250 273 7 48 15 Noir_d'encre 1433741731
24 246 232 184 189 121 Gris_de_lin 1433741748
24 252 272 255 0 43 Rouge_écrevisse 1433741756
24 252 230 26 130 0 Vert_prairie 1433741768
24 234 244 37 41 40 Noir_de_fumée 1433741768
24 266 244 83 87 112 Ardoise 1433741779
24 268 256 255 98 46 ﻿Abricot 1433741796
24 253 231 32 99 23 Vert_gazon 1433741799
24 247 231 82 76 56 Plomb 1433741805
24 244 234 88 131 135 Bleu_acier 1433741813
24 256 268 14 21 99 Bleu_nuit 1433741823
24 257 267 99 56 135 Bleu_horizon 1433741836
24 248 230 168 153 150 Gris_fer 1433741837
24 261 239 138 66 28 Basané 1433741846
24 233 245 28 8 2 Brou_de_noix 1433741860
24 244 268 112 0 0 Sang_de_boeuf 1433741871
24 272 252 138 30 0 Mars 1433741884
24 258 236 82 3 81 Prune 1433741897
24 255 269 38 133 19 Vert_chartreuse 1433741908
24 236 242 124 113 130 Zizolin 1433742090
24 245 269 54 4 4 Sang_de_boeuf 1433742233
24 253 271 112 26 26 Rouge_écrevisse 1433742254
24 237 261 181 36 11 Roux 1433742274
24 250 230 12 36 4 Vert_épinard 1433742286
24 230 248 189 19 0 Rouge_de_mars 1433742309
24 264 260 4 3 15 Noir_d'encre 1433742327
24 261 263 145 0 24 Rouge_groseille 1433742391
24 255 269 38 133 19 Vert_chartreuse 1433742413
24 238 262 224 107 29 Cuivre 1433742417
24 243 235 15 15 15 Gris_anthracite 1433742430
24 241 237 168 7 36 Cerise 1433742880
24 246 270 140 25 25 Rouge_bourgogne 1433745019
24 258 266 110 0 179 Lilas 1433745060
24 246 270 102 6 51 Rouge_bourgogne 1433745982
24 269 255 240 84 45 ﻿Abricot 1433746023
21 239 260 237 213 171 Ebène 1433746578
21 239 260 237 213 171 Ebène 1433746600
21 239 260 237 213 171 Ebène 1433746603
24 251 273 16 56 32 Vert_sapin 1433746910
24 269 247 133 69 32 Orange_brûlée 1433747168
24 259 265 54 55 64 Gris_anthracite 1433747521
24 231 255 18 235 184 Vert_d'eau 1433747577
24 265 259 15 2 1 Noir_d'encre 1433747599
24 271 249 69 21 4 Brique 1433747633
24 228 252 168 31 0 Rouge_de_mars 1433747671
24 256 234 44 0 125 Klein 1433747742
24 245 233 23 0 0 Noir_d'encre 1433747770
24 242 236 77 15 33 Cerise 1433747783
24 227 251 240 0 0 Rouge_de_mars 1433747798
24 232 246 51 6 4 Brou_de_noix 1433747818
24 237 241 255 20 36 Fraise 1433747844
24 260 238 184 119 33 Basané 1433747848
24 260 238 89 61 34 Basané 1433747875
24 234 258 255 38 0 Rouge_feu 1433747893
24 231 247 89 16 18 Rouge_de_mars 1433748148
24 241 265 56 17 4 Brou_de_noix 1433748227
24 235 243 8 14 36 Noir_d'encre 1433748273
24 266 258 181 34 56 Vert_d'eau 1433748604
24 254 232 30 48 245 Rouge_bourgogne 1433748623
24 259 237 48 19 94 Prune 1433748736
24 270 248 153 64 61 Rouille 1433748741
24 260 264 176 42 42 Rouge_écrevisse 1433748761
24 267 257 219 201 100 Blond 1433748780
24 263 241 18 18 8 Noiraud 1433748792
24 247 271 28 26 28 Noir_d'encre 1433748807
24 233 257 179 86 62 Rouge_de_mars 1433748845
24 250 274 9 36 2 Vert_sapin 1433748869
24 238 240 77 15 47 Framboise 1433748885
24 239 239 20 20 20 Noir_d'encre 1433748895
24 271 253 252 117 28 Roux 1433748913
24 250 274 10 79 43 Vert_sapin 1433749874
24 267 245 140 98 35 Acajou 1433750126
24 263 261 38 38 38 Noir_de_fumée 1433750221
24 240 264 128 96 61 Brou_de_noix 1433750224
24 248 272 65 66 71 Gris_anthracite 1433750241
24 270 254 20 15 41 Noir_d'encre 1433750255
24 235 259 41 41 39 Bitume 1433750289
24 229 253 186 77 37 Rouge_de_mars 1433750942
24 255 233 148 12 12 Sang_de_boeuf 1433751046
24 254 270 2 15 5 Bleu_pétrole 1433751418
24 257 235 26 32 36 Noir_d'encre 1433751467
24 262 240 230 28 62 Cerise 1433751498
24 239 263 7 29 48 Noir_d'encre 1433751558
24 232 256 92 89 0 Jade 1433751565
24 229 249 53 24 219 Bleu_pétrole 1433751567
24 242 266 46 27 184 Bleu_électrique 1433751578
24 236 260 143 52 13 Roux 1433751627
24 243 267 54 118 214 Bleu_des_mers_du_sud 1433751642
24 262 262 212 17 62 Rouge_groseille 1433751695
24 230 254 10 10 10 Noir_de_fumée 1433751709
24 228 250 237 48 19 Rouge_de_mars 1433751712
24 265 243 128 33 18 Brou_de_noix 1433751714
24 268 246 235 21 21 Rouge_de_mars 1433751727
24 264 242 43 2 40 Cassis 1433751742
24 268 246 74 19 4 Orange_brûlée 1433751743
24 249 273 24 46 4 Vert_sapin 1433751753
24 251 229 4 105 11 Vert_chartreuse 1433751760
24 249 229 46 32 18 Tabac 1433751772
24 272 250 181 14 20 Cerise 1433751779
24 240 238 3 22 38 Noir_d'encre 1433751781
24 273 251 56 7 7 Cerise 1433751792
24 273 251 199 8 21 Cerise 1433751802
25 228 253 255 185 87 Roux 1433751808
24 240 238 78 50 122 Noir_d'encre 1433751817
25 269 256 224 125 32 ﻿Abricot 1433751821
25 238 263 189 92 23 Carotte 1433751836
25 260 265 42 72 161 Gris_anthracite 1433752333
25 258 235 23 20 20 Noir_de_fumée 1433752669
15 252 263 41 43 97 Azur 1433753439
25 233 258 224 0 0 Rouge_feu 1433754718
25 265 242 110 65 75 Brique 1433754735
25 232 245 4 10 36 Noir_d'encre 1433754759
25 240 265 145 82 10 Cannelle 1433754797
25 268 257 230 164 78 Blond 1433754813
25 255 232 10 50 250 Bleu_électrique 1433754829
25 242 235 79 64 33 Cachou 1433755467
25 245 270 56 18 2 Brou_de_noix 1433755468
25 263 262 227 16 16 Rouge_rubis 1433756355
25 249 274 27 54 15 Vert_sapin 1433756538
25 234 243 41 31 31 Noir_de_fumée 1433757486
25 236 261 189 50 11 Orange_brûlée 1433757698
25 241 236 43 27 5 Noiraud 1433757727
25 254 271 5 5 5 Noir_d'encre 1433758075
25 233 244 172 232 178 Noir_d'encre 1433758168
25 270 247 120 50 57 Feuille-morte 1433758761
25 229 248 214 17 20 Rouge_coquelicot 1433758830
25 241 266 49 49 143 Indigo 1433759131
25 266 259 5 0 0 Noir_d'encre 1433759147
25 259 266 31 31 31 Gris_anthracite 1433759163
25 266 243 158 59 35 Brique 1433759798
25 243 234 1 1 41 Noir_d'encre 1433759925
19 242 261 3 5 15 Noir_d'encre 1433760781
25 269 246 87 42 16 Marron 1433760966
25 250 229 17 117 38 Vert_sapin 1433760985
25 262 263 143 17 40 Cerise 1433761033
25 251 274 9 92 15 Vert_sapin 1433761052
25 264 241 11 10 18 Noir_d'encre 1433761067
25 228 249 252 106 28 Mandarine 1433761087
25 246 271 77 12 25 Rouge_bourgogne 1433761101
25 245 232 76 74 79 Gris_souris 1433761114
25 271 254 245 120 37 ﻿Abricot 1433761129
25 255 270 35 148 22 Vert_gazon 1433761142
25 232 257 133 57 10 Noisette 1433761154
25 261 264 110 6 8 Cerise 1433761234
25 239 238 41 86 133 Noir_d'encre 1433761723
25 263 240 16 20 38 Noir_d'encre 1433761884
25 257 268 238 255 112 Zizolin 1433761902
25 235 260 120 39 17 Orange_brûlée 1433761919
25 272 253 196 121 8 Caramel 1433761931
25 271 248 51 28 17 Feuille-morte 1433761941
25 256 233 130 17 39 Cerise 1433761948
25 270 255 26 10 10 Noir_d'encre 1433761959
25 254 231 49 3 252 Bleu_électrique 1433761970
25 230 247 250 5 5 Rouge_coquelicot 1433761982
25 231 246 71 19 7 Brou_de_noix 1433762643
25 236 241 26 48 240 Zizolin 1433762734
25 272 249 59 27 9 Brou_de_noix 1433762792
25 264 261 28 23 23 Noir_de_fumée 1433762826
25 236 241 94 255 0 Zizolin 1433762866
25 229 254 255 136 0 Fauve 1433762867
25 236 241 255 0 102 Zizolin 1433762891
25 253 272 168 9 9 Rouge_rubis 1433762899
25 248 229 41 19 3 Café 1433763399
25 253 230 48 199 40 Vert_absinthe 1433764032
25 274 251 18 55 87 Rouge_ponceau 1433764792
25 252 229 80 194 110 Vert_bouteille 1433765692
25 239 264 186 157 95 Café_au_lait 1433771263
25 250 275 20 36 17 Noir_charbon 1433771290
25 258 267 24 34 94 Bleu_marine 1433771303
25 262 239 135 96 37 Noisette 1433771337
25 273 250 217 9 15 Rouge_écrevisse 1433771354
25 244 269 36 15 4 Brou_de_noix 1433771363
25 257 234 31 7 22 Cassis 1433771376
25 273 252 163 74 5 Orange_brûlée 1433771386
25 242 267 68 67 94 Indigo 1433771621
25 240 237 255 0 0 Rouge_cramoisi 1433771769
25 247 230 150 145 149 Gris_fer 1433772576
25 248 273 178 255 236 Noir_charbon 1433773213
25 273 252 163 74 5 Orange_brûlée 1433775016
25 227 250 240 96 43 Rouge_feu 1433775141
25 231 256 46 14 6 Bronze 1433775178
25 256 269 134 219 55 Vert_absinthe 1433775204
25 243 268 117 27 17 Sang_de_boeuf 1433775230
25 235 242 3 3 26 Noir_d'encre 1433775247
25 230 255 1 2 13 Noir_d'encre 1433775322
25 230 255 14 230 194 Turquoise 1433775335
25 259 236 69 22 62 Prune 1433775346
25 268 245 209 52 52 Rouge_écrevisse 1433775555
25 265 260 39 17 46 Noir_d'encre 1433775811
25 260 237 1 0 3 Cassis 1433776185
25 244 233 132 138 150 Bleu_acier 1433776235
25 261 238 74 19 4 Noisette 1433776302
25 267 258 209 7 7 Rouge_tomate 1433776342
25 267 244 4 1 5 Ardoise 1433776374
25 226 251 214 8 15 Rouge_coquelicot 1433776444
25 237 240 204 0 7 Fraise 1433776469
25 237 240 204 0 7 Fraise 1433776471
25 227 252 217 22 0 Rouge_de_mars 1433776536
25 227 252 217 22 0 Rouge_de_mars 1433776589
25 246 231 255 0 217 Gris_de_lin 1433778178
25 247 272 79 73 73 Ardoise 1433778782
25 237 262 161 24 24 Rouge_de_mars 1433781620
25 238 239 9 13 12 Noir_d'encre 1433783327
25 234 259 214 65 15 Rouge_feu 1433783928
25 251 228 34 204 0 Vert_empire 1433784486
25 249 228 41 12 2 Réglisse 1433784495
25 252 273 3 74 23 Vert_sapin 1433784506
26 231 257 33 15 1 Brou_de_noix 1433784516
26 256 270 156 230 171 Vert_anis 1433784526
26 257 269 204 240 136 Vert_anis 1433784539
26 257 233 158 3 21 Cerise 1433784549
26 235 261 92 21 5 Rouge_de_mars 1433784566
26 250 228 20 120 44 Vert_empire 1433786055
26 254 272 87 27 27 Rouge_de_mars 1433788195
26 266 260 3 2 3 Noir_d'encre 1433788220
26 263 263 36 4 4 Cerise 1433788386
26 249 275 15 15 15 Noir_de_fumée 1433788418
26 271 247 10 3 0 Feuille-morte 1433788446
26 241 235 66 46 37 Taupe 1433788463
26 265 241 26 11 0 Cacao 1433788520
26 240 236 33 15 6 Brou_de_noix 1433788543
26 226 250 214 92 36 ﻿Abricot 1433788643
26 228 248 71 1 7 Fraise 1433788695
26 245 271 46 18 7 Brou_de_noix 1433788713
26 253 273 94 31 14 Rouge_de_mars 1433788737
26 269 257 107 21 0 Ocre_rouge 1433788768
26 239 265 191 143 126 Sépia 1433793238
26 255 231 39 135 245 Bleu_électrique 1433793268
26 259 235 4 2 20 Noir_d'encre 1433795391
26 241 267 187 0 255 Violet_d'évêque 1433795416
26 246 230 82 87 94 Gris_fer 1433797666
26 248 228 120 37 24 Brou_de_noix 1433797686
26 228 254 255 94 0 Orange 1433797790
26 270 246 168 10 10 Bordeaux 1433797830
26 249 227 87 36 36 Brou_de_noix 1433798643
26 234 260 97 5 5 Brique 1433798674
26 246 272 18 13 0 Noiraud 1433803942
26 232 258 128 41 12 Brun 1433809154
26 236 240 255 0 0 Rouge_coquelicot 1433809254
26 272 248 5 3 0 Noiraud 1433809264
26 238 264 227 222 134 Sépia 1433809279
26 270 256 255 106 0 ﻿Abricot 1433809301
26 258 268 12 0 105 Bleu_nuit 1433809313
26 263 239 5 3 3 Noir_d'encre 1433809708
26 248 274 16 36 10 Vert_sapin 1433809763
15 252 263 41 43 97 Azur 1433836765
26 235 261 92 21 5 Rouge_de_mars 1433838094
26 227 249 247 146 30 ﻿Abricot 1433838700
26 262 264 168 0 0 Sang_de_boeuf 1433838716
26 230 256 32 64 38 Noiraud 1433838726
26 274 250 10 12 48 Bleu_de_minuit 1433838737
26 243 233 126 143 158 Gris_fer 1433838750
26 242 234 71 74 59 Noir_d'encre 1433838764
26 236 262 122 7 45 Vermeil 1433838777
26 234 242 43 14 4 Réglisse 1433838792
26 232 244 240 184 206 Cuisse_de_nymphe 1433839683
15 252 263 41 43 97 Azur 1433840720
15 252 263 41 43 97 Azur 1433841659
26 253 229 158 245 19 Vert_poireau 1433841676
26 256 232 194 0 32 Cerise 1433847869
26 237 263 133 47 8 Roux 1433856189
26 230 246 138 32 32 Rouge_coquelicot 1433856223
26 252 274 2 28 7 Vert_sapin 1433856290
26 254 230 103 191 79 Vert_pomme 1433856309
26 237 239 13 12 18 Noir_d'encre 1433856328
26 269 245 128 100 61 Feuille-morte 1433856340
26 251 275 42 87 20 Vert_sapin 1433860912
26 272 254 214 146 36 Cuivre 1433862808
26 240 266 176 73 14 Caramel 1433862855
26 245 231 255 0 0 Magenta 1433872433
26 247 273 53 61 64 Fumée 1433876809
26 227 253 227 61 0 Rouge_coquelicot 1433925874
26 260 266 13 13 9 Noir_de_fumée 1433926066
26 262 238 217 173 39 Cannelle 1433930884
26 229 255 75 169 209 Turquoise 1433936729
24 254 270 2 15 5 Bleu_pétrole 1433941516
26 235 241 91 65 92 Magenta 1433956921
26 274 252 163 88 18 Caramel 1433960284
26 267 259 8 9 36 Noir_d'encre 1433960298
26 267 259 8 9 36 Noir_d'encre 1433967380
26 273 249 28 3 5 Brou_de_noix 1433967520
26 239 237 222 17 17 Rouge_coquelicot 1433968649
26 273 253 186 79 7 Caramel 1433968685
26 255 271 2 5 41 Noir_d'encre 1433976719
26 260 236 7 0 26 Noir_d'encre 1433976746
26 268 258 235 102 68 Rouge_coquelicot 1433976775
26 258 234 73 169 252 Noir_d'encre 1434010851
26 242 268 43 37 36 Ardoise 1434010858
26 267 243 13 32 43 Noir_d'encre 1434010871
26 261 237 109 255 51 Brou_de_noix 1434010879
26 229 247 173 21 21 Rouge_coquelicot 1434010890
26 275 251 11 47 179 Bleu_égyptien 1434010920
26 266 242 51 34 22 Terre_d'ombre 1434010976
26 266 242 51 34 22 Terre_d'ombre 1434010981
26 233 259 255 247 0 Rouge_coquelicot 1434020413
26 265 261 10 2 9 Noir_d'encre 1434031812
26 247 229 59 54 37 Noiraud 1434034898
15 252 263 41 43 97 Azur 1434111251
26 238 238 15 97 138 Azur 1434113769
26 264 262 10 12 38 Noir_d'encre 1434137846
26 244 232 140 66 66 Gris_fer 1434146059
26 231 245 19 84 62 Noir_d'encre 1434146083
26 233 243 36 38 36 Noir_de_fumée 1434146114
26 268 244 133 29 71 Corail 1434146166
26 243 269 107 45 35 Brique 1434146290
26 259 267 17 20 19 Noir_de_fumée 1434146310
26 252 228 117 130 117 Vert_prairie 1434146347
26 271 255 240 133 19 ﻿Abricot 1434183425
26 226 252 219 0 0 Rouge_coquelicot 1434273288
26 244 270 12 15 26 Noiraud 1434273627
26 225 251 148 0 27 Rouge_écrevisse 1434273642
26 261 265 2 35 166 Azur 1434273665
26 251 227 122 247 64 Vert_citron 1434273677
26 250 276 64 64 64 Noir_de_fumée 1434273737
26 264 240 9 16 41 Noir_d'encre 1434273752
27 259 234 78 230 227 Bleu_ciel 1434273764
27 268 243 168 13 73 Framboise 1434273777
27 226 253 212 28 0 Rouge_feu 1434273789
27 225 250 201 64 0 Carotte 1434273800
27 234 261 163 36 46 Sang_de_boeuf 1434273817
27 238 265 173 159 111 Sépia 1434276150
27 275 250 74 150 204 Bleu_égyptien 1434295098
27 273 254 179 124 23 Caramel 1434295129
27 246 273 67 96 115 Ardoise 1434295144
27 224 251 148 0 42 Cerise 1434295168
27 274 249 41 136 173 Noir_d'encre 1434295280
27 261 266 54 75 214 Klein 1434295294
27 262 265 48 0 168 Klein 1434295321
27 255 230 74 120 184 Bleu_de_France 1434295353
27 244 231 158 89 49 Rouille 1434295372
27 267 242 82 45 28 Réglisse 1434295391
27 258 269 222 205 106 Champagne 1434295404
27 275 252 27 145 158 Bleu_outremer 1434295432
27 257 270 214 217 139 Champagne 1434295459
27 274 253 148 68 28 Caramel 1434295475
27 253 274 43 31 24 Noiraud 1434295491
27 235 240 66 92 27 Glauque 1434295521
27 239 236 194 0 26 Rouge_écrevisse 1434295542
27 270 257 224 108 25 Orange 1434295551
27 269 258 166 156 96 Ventre_de_biche 1434296229
27 254 229 255 236 64 Jaune_canari 1434296285
27 234 241 58 92 88 Ardoise 1434296306
27 263 238 230 167 30 Miel 1434296350
27 229 256 29 70 235 Bleu_de_France 1434296607
27 266 241 66 43 11 Réglisse 1434296663
27 228 247 48 23 6 Marron 1434296701
27 242 233 36 59 46 Glauque 1434296796
27 227 248 237 128 33 Melon 1434296813
27 241 268 186 104 181 Violine 1434296862
27 250 227 50 184 48 Vert_empire 1434297306
27 237 238 67 17 158 Bleu_paon 1434297328
27 241 234 133 98 49 Terre_d'ombre 1434297377
27 228 255 196 78 0 Mandarine 1434297390
27 240 267 181 32 189 Violine 1434297428
27 231 244 184 118 183 Rose_dragée 1434297504
27 257 232 207 0 14 Rouge_rubis 1434297538
27 249 226 36 23 16 Cachou 1434297554
27 247 274 14 112 45 Vert_sapin 1434297640
27 239 266 94 22 6 Mars 1434297655
27 231 258 87 20 0 Brique 1434297669
27 258 233 49 156 222 Bleu_ciel 1434297974
27 243 270 150 103 49 Feuille-morte 1434297991
27 232 243 235 145 65 Pêche 1434298053
27 276 251 10 38 196 Klein 1434298065
27 262 237 19 97 40 Vert_poireau 1434298093
27 233 260 114 168 167 Chrome 1434298133
27 229 246 186 29 20 Fraise 1434298203
27 261 236 129 237 61 Vert_citron 1434298385
27 230 257 2 61 22 Vert_épinard 1434298441
27 272 255 227 142 22 Melon 1434298454
27 227 254 204 99 0 Mandarine 1434298468
27 245 230 148 32 0 Rouge_feu 1434301037
27 259 268 17 22 115 Bleu_nuit 1434366456
27 243 232 87 47 24 Rouille 1434462432
27 235 262 97 56 19 Marron 1434480774
27 263 264 163 41 0 Rouge_de_mars 1434480810
27 265 240 37 41 46 Noiraud 1434480820
27 232 259 255 162 0 Or 1434480857
27 256 271 75 94 97 Gris_acier 1434480875
27 236 239 242 32 0 Rouge_feu 1434480896
27 253 228 110 158 120 Vert_de_gris 1434480925
27 252 227 140 168 132 Vert_de_gris 1434480942
27 230 245 87 0 20 Cerise 1434480954
27 238 237 214 30 67 Rouge_coquelicot 1434481002
27 236 263 255 46 74 Pourpre 1434481014
27 256 231 35 145 196 Bleu_roi 1434564467
27 271 246 158 24 9 Rouge_de_mars 1434564485
27 251 226 214 240 110 Vert_citron 1434564522
27 254 273 87 58 37 Marron 1434564556
27 225 252 138 0 39 Cerise 1434564567
27 226 249 212 0 0 Fauve 1434564579
27 240 235 51 47 8 Cachou 1434564593
27 255 272 102 0 26 Rouge_bourgogne 1434564622
27 237 264 69 59 30 Brun 1434564638
27 242 269 120 90 33 Feuille-morte 1434564654
27 250 277 66 133 129 Ardoise 1434564690
27 246 229 66 0 36 Aubergine 1434564730
27 271 256 209 123 42 Orange 1434564760
27 270 245 133 31 3 Rouge_de_mars 1434564781
27 252 275 2 79 31 Vert_sapin 1434569031
27 247 228 60 62 71 Bitume 1434569053
27 248 227 89 45 16 Chocolat 1434569076
27 233 242 43 36 31 Noir_de_fumée 1434572556