317 83 179 20
317 83 153 50
317 83 153 50
317 83 153 50
317 52 163 24
317 52 163 24
315 38 138 25
315 47 117 21
317 64 181 22
322 71 128 64
314 29 66 15
189 22 107 156
134 24 103 194 -
124 194 0 0
136 214 0 0
260 255 0 0
143 255 85 0
115 217 29 0
299 214 57 26
167 207 25 25
304 250 0 58
275 224 0 78
124 189 0 0
254 245 44 155
153 255 69 187
169 234 79 245
278 240 233 34
222 227 189 36
238 194 134 24
222 199 181 48
335 104 112 19
315 50 112 21
315 53 125 20
215 19 33 20
12 54 42 42
91 36 29 29
312 34 43 34 -
322 61 97 60
314 18 77 14 - -
288 39 163 15
49 226 232 49
21 250 212 97
200 255 165 56
143 255 98 0
227 255 132 0
227 255 111 0
227 255 149 0
227 255 140 0
227 255 119 0
117 240 109 9
200 255 163 33
227 255 149 0
131 168 112 0
112 140 89 0
202 79 43 0
202 87 42 8
93 77 47 6
218 15 10 0
218 4 13 7
218 4 20 9
215 13 21 23
215 11 20 20
58 29 59 92
52 10 144 168
52 14 176 149
199 11 161 64
79 102 8 8
100 54 5 5
175 38 3 71
66 76 107 222
56 29 80 125
201 3 6 71
215 3 10 31 - -
218 15 14 14
12 36 35 35
215 20 17 17 -
4 10 0 0
215 18 18 20 - -
193 173 100 232
154 194 75 186
197 135 0 131
127 199 0 66
91 49 61 8
218 18 20 4 -
215 20 17 17
4 8 4 4
215 7 6 23
218 18 15 15
218 23 12 12
91 36 25 25
218 20 19 1
146 201 44 44
168 222 16 16
271 161 69 69
265 148 17 0
115 217 4 4
120 161 156 66
82 110 87 18
224 116 130 38
22 82 130 38